GA
[[2 0 0 0 1 0 0 2 0 0 1 0 0 1 0 0 0 0 0 1 0 0 0 0 0 0 0 0 0 0 0 0 0 0 0 0 1 0 0 0 0 0 0 0 0 0 0 0 0 0 0 0 0 0 1 0 0 0 0 0 0 1 0 0 0 0 0 0 0 0 0 0]
 [1 0 0 1 0 0 0 2 0 0 1 0 1 0 1 0 0 1 1 1 1 1 0 0 1 0 0 0 0 0 0 1 0 1 0 0 1 0 0 0 0 0 0 0 0 0 0 0 0 0 0 0 0 0 1 0 0 0 0 0 0 1 0 0 0 0 0 0 0 0 0 0]
 [1 0 0 0 1 2 0 1 0 0 0 0 1 1 1 0 0 1 1 0 1 1 0 0 0 0 0 0 0 0 0 0 0 1 0 0 0 0 0 0 0 0 0 0 0 0 0 0 0 0 0 0 0 0 0 0 0 1 0 0 0 0 0 0 0 0 0 0 0 0 0 0]]
GUROBI
[[1 0 0 1 0 0 0 0 0 0 0 1 0 0 1 0 1 0 1 0 0 0 0 0 0 0 0 0 0 0 0 0 0 0 0 0 0 0 0 0 0 0 0 0 0 0 0 0 0 0 0 0 0 0 0 0 0 0 0 0 0 0 0 0 0 0 0 0 0 0 0 0]
 [1 0 0 0 1 1 0 0 1 0 1 0 1 0 1 0 1 1 0 1 0 1 1 0 0 0 0 0 0 0 0 0 0 0 0 0 0 0 0 0 0 0 0 0 0 0 0 0 0 0 0 0 0 0 0 0 0 0 0 0 0 0 0 0 0 0 0 0 0 0 0 0]
 [0 0 0 1 1 1 0 0 1 0 1 1 1 0 0 0 0 1 1 1 0 0 1 0 0 0 0 0 0 0 0 0 0 0 0 0 0 0 0 0 0 0 0 0 0 0 0 0 0 0 0 0 0 0 0 0 0 0 0 0 0 0 0 0 0 0 0 0 0 0 0 0]





mating kapalı
obj func 1020
ga runtime 1308

mating açık crossover kapalı
obj func 620
ga runtime 1121

selectionda random kapalı
obj func 670
ga runtime 1090

best selection probability 0.6
obj func 540 (0.8'ken de 540 gördüğü oluyor, birkaç runda 510 göreceğini düşünüyorum
ga runtime 1086

best selection probability 0.3
obj func 680
ga runtime 1077


yüksek jenerasyonlarda daha az mutate etsin, simulated annealing,-> eaMuPlusLambda'daki generation counterı global tanımladık ona erişebileceğiz, hocaya rootu sor hangisi hoşuna giderse crossover fonksiyonuna ekle, crossover fonksiyonunda onun için yer açtın
mutasyon olasılığını kıs -> kıstım
belli bir süre boyunca improvement olmadıysa (en iyinin fitnessına bak) daha çok öldür -> daha bakmadım

top 10'de hiçbir değişim olmadıysa yap 3,maddeyi

520
[1, 0, 0, 1, 0, 1, 0, 0, 0, 0, 0, 1, 0, 1, 0, 0, 1, 0, 0, 0, 0, 0, 0, 0, 0, 0, 0, 0, 0, 0, 0, 0, 0, 0, 0, 0, 0, 0, 0, 0, 0, 0, 0, 0, 0, 0, 0, 0, 0, 0, 0, 0, 0, 0, 0, 0, 0, 0, 0, 0, 0, 0, 0, 0, 0, 0, 0, 0, 0, 0, 0, 0]
[1, 0, 1, 0, 0, 0, 0, 1, 0, 0, 1, 0, 0, 1, 0, 1, 1, 1, 0, 0, 1, 1, 1, 3, 0, 0, 0, 0, 0, 0, 0, 0, 0, 0, 0, 0, 0, 0, 0, 0, 0, 0, 0, 0, 0, 0, 0, 0, 0, 0, 0, 0, 0, 0, 0, 0, 0, 0, 0, 0, 0, 0, 0, 0, 0, 0, 0, 0, 0, 0, 0, 0]
[0, 0, 1, 1, 0, 1, 0, 1, 0, 0, 1, 1, 0, 0, 0, 1, 0, 1, 0, 0, 1, 1, 1, 0, 0, 0, 0, 0, 0, 0, 0, 0, 0, 0, 0, 0, 0, 0, 0, 0, 0, 0, 0, 0, 0, 0, 0, 0, 0, 0, 0, 0, 0, 0, 0, 0, 0, 0, 0, 0, 0, 0, 0, 0, 0, 0, 0, 0, 0, 0, 0, 0]
[15,5,15,15, 5, 15, 5,15,5.,5,15,15.,5,15.,5,15,15,15,5.,5, 15,15,15,40.,5.,5.,5.,5.,5.,5.,5.,5.,5.,5.,5.,5,5.,5.,5.,5.,5.,5.,5.,5.,5.,5.,5.,5.,5.,5.,5.,5.,5.,5,5.,5.,5.,5.,5.,5.,5.,5.,5.,5.,5.,5.,5.,5.,5.,5.,5.,5.]

col sums:  [2 0 0 0 0 0 0 0 0 0 0 0 0 1 1 3 1 2 1 2 2 3 2 1 0 0 1 0 0 0 0 0 1 0 0 0 0 0 0 0 0 0 0 0 0 0 0 0 0 0 0 0 0 0 0 0 0 0 0 0.]
col sums:  [2 0 0 0 0 0 0 0 0 0 0 0 0 1 1 3 1 2 1 2 2 3 2 1 0 0 1 0 0 0 0 0 1 0 0 0 0 0 0 0 0 0 0 0 0 0 0 0 0 0 0 0 0 0 0 0 0 0 0 0.]

[[21.72488148 21.69437301 21.66386453 21.63335606 21.60284758 21.57233911
  21.54183063 21.51132216 21.48081368 21.45030521 21.41979673 21.38928826 
  21.35877979 21.32827131 21.29776284 21.26725436 21.23674589 21.20623741
  21.17572894 21.14522046 21.11471199 21.08420351 21.05369504 21.02318657
  20.99267809 20.96216962 20.93166114 20.90115267 20.87064419 20.84013572
  20.80962724 20.77911877 20.74861029 20.71810182 20.68759335 20.65708487
  20.6265764  20.59606792 20.56555945 20.53505097 20.5045425  20.47403402
  20.44352555 20.41301707 20.3825086  20.35200012 20.32149165 20.29098318
  20.2604747  20.22996623 20.19945775 20.16894928 20.1384408  20.10793233
  20.07742385 20.04691538 20.0164069  19.98589843 19.95538996 19.92488148]
 [23.14217506 23.11166658 23.08115811 23.05064963 23.02014116 22.98963268
  22.95912421 22.92861573 22.89810726 22.86759878 22.83709031 22.80658184
  22.77607336 22.74556489 22.71505641 22.68454794 22.65403946 22.62353099
  22.59302251 22.56251404 22.53200556 22.50149709 22.47098862 22.44048014
  22.40997167 22.37946319 22.34895472 22.31844624 22.28793777 22.25742929
  22.22692082 22.19641234 22.16590387 22.13539539 22.10488692 22.07437845
  22.04386997 22.0133615  21.98285302 21.95234455 21.92183607 21.8913276
  21.86081912 21.83031065 21.79980217 21.7692937  21.73878523 21.70827675
  21.67776828 21.6472598  21.61675133 21.58624285 21.55573438 21.5252259
  21.49471743 21.46420895 21.43370048 21.40319201 21.37268353 21.34217506]
 [24.07874133 24.04823286 24.01772438 23.98721591 23.95670743 23.92619896
  23.89569048 23.86518201 23.83467353 23.80416506 23.77365659 23.74314811
  23.71263964 23.68213116 23.65162269 23.62111421 23.59060574 23.56009726
  23.52958879 23.49908031 23.46857184 23.43806336 23.40755489 23.37704642
  23.34653794 23.31602947 23.28552099 23.25501252 23.22450404 23.19399557
  23.16348709 23.13297862 23.10247014 23.07196167 23.0414532  23.01094472
  22.98043625 22.94992777 22.9194193  22.88891082 22.85840235 22.82789387
  22.7973854  22.76687692 22.73636845 22.70585997 22.6753515  22.64484303
  22.61433455 22.58382608 22.5533176  22.52280913 22.49230065 22.46179218
  22.4312837  22.40077523 22.37026675 22.33975828 22.30924981 22.27874133]]

[[19  19  20  20.5 19  19 ]
 [19  18.5 22.5 20.5 19  19.5]
 [19  18.5 23  23  19.5 19 ]]


-----------------------
yeni constructive
1'le sağlayabiliyor muyum -> olmuyorsa 2
boiler levelları kontrol et
1'de yakılanda kullanılan enerjiyi hesapla, her modülasyon için
total kapasite ne her boiler level için


temperature talepleri t anının sonundaki talepler


 510
[1 0 0 1 0 0 0 0 0 0 0 1 0 0 1 0 1 0 1 0 0 0 0 0 0 0 0 0 0 0 0 0 0 0 0 0 0 0 0 0 0 0 0 0 0 0 0 0 0 0 0 0 0 0 0 0 0 0 0 0 0 0 0 0 0 0 0 0 0 0 0 0]
[1 0 0 0 1 1 0 0 1 0 1 0 1 0 1 0 1 1 0 1 0 1 1 0 0 0 0 0 0 0 0 0 0 0 0 0 0 0 0 0 0 0 0 0 0 0 0 0 0 0 0 0 0 0 0 0 0 0 0 0 0 0 0 0 0 0 0 0 0 0 0 0]
[0 0 0 1 1 1 0 0 1 0 1 1 1 0 0 0 0 1 1 1 0 0 1 0 0 0 0 0 0 0 0 0 0 0 0 0 0 0 0 0 0 0 0 0 0 0 0 0 0 0 0 0 0 0 0 0 0 0 0 0 0 0 0 0 0 0 0 0 0 0 0 0]

550
[1 0 0 0 0 0 0 0 0 0 0 0 0 1 0 0 0 1 0 0 0 1 0 0 0 0 1 0 0 0 0 0 1 0 0 0 0 0 0 0 0 0 0 0 0 0 0 0 0 0 0 0 0 0 0 0 0 0 0 0 0 0 0 0 0 0 0 0 0 0 0 0]
[1 0 0 0 0 0 0 0 0 0 0 0 0 0 1 1 1 1 0 1 1 1 1 0 0 0 0 0 0 0 0 0 0 0 0 0 0 0 0 0 0 0 0 0 0 0 0 0 0 0 0 0 0 0 0 0 0 0 0 0 0 0 0 0 0 0 0 0 0 0 0 0]
[0 0 0 0 0 0 0 0 0 0 0 0 0 0 0 2 0 0 1 1 1 1 1 1 0 0 0 0 0 0 0 0 0 0 0 0 0 0 0 0 0 0 0 0 0 0 0 0 0 0 0 0 0 0 0 0 0 0 0 0 0 0 0 0 0 0 0 0 0 0 0 0]



mod list(1'li 2'li olan, ihsan hocanın söylediği): 610.0
[1 1 1 1 1 1 0 0 0 0 0 0 0 0 0 0 0 0 0 0 0 0 0 0 0 0 0 0 0 0 0 0 0 0 0 0 0 0 0 0 0 0 0 0 0 0 0 0 0 0 0 0 0 0 0 0 0 0 0 0 0 0 0 0 0 0 0 0 0 0 0 0]
[1 1 1 1 1 1 1 1 1 1 0 0 0 0 0 0 0 0 0 0 0 0 0 0 0 0 0 0 0 0 0 0 0 0 0 0 0 0 0 0 0 0 0 0 0 0 0 0 0 0 0 0 0 0 0 0 0 0 0 0 0 0 0 0 0 0 0 0 0 0 0 0]
[1 1 1 1 1 1 1 1 1 1 0 0 0 0 0 0 0 0 0 0 0 0 0 0 0 0 0 0 0 0 0 0 0 0 0 0 0 0 0 0 0 0 0 0 0 0 0 0 0 0 0 0 0 0 0 0 0 0 0 0 0 0 0 0 0 0 0 0 0 0 0 0]


0.0166, 0.0633, 0.0824, 0.1046

0.0523, 0.1565




[0.1426 0.0498 0.0498 0.0498 0.0498 0.0498 0.0498 0.0498 0.0498 0.0498 0.0498 0.0498 0.0498 0.0498 0.0498 0.1426 0.1426 0.1426 0.0962 0.1426 0.1426 0.189  0.0498 0.162  0.0498 0.0498 0.0498 0.0498 0.0498 0.0498 0.0962 0.0498 0.0498 0.0498 0.0498 0.0498 0.0498 0.0498 0.0498 0.0498
 0.0498 0.0498 0.0498 0.0498 0.0498 0.0498 0.0498 0.0498 0.0498 0.0498 0.0498 0.0498 0.0498 0.0498 0.0498 0.0498 0.0498 0.0498 0.0498 0.0498 0.0498 0.0498 0.0498 0.0498 0.0498 0.0498 0.0498 0.0498 0.0498 0.0498 0.0498 0.0498]

optimal
 510
[1 0 0 1 0 0 0 0 0 0 0 1 0 0 1 0 1 0 1 0 0 0 0 0 0 0 0 0 0 0 0 0 0 0 0 0 0 0 0 0 0 0 0 0 0 0 0 0 0 0 0 0 0 0 0 0 0 0 0 0 0 0 0 0 0 0 0 0 0 0 0 0]
[1 0 0 0 1 1 0 0 1 0 1 0 1 0 1 0 1 1 0 1 0 1 1 0 0 0 0 0 0 0 0 0 0 0 0 0 0 0 0 0 0 0 0 0 0 0 0 0 0 0 0 0 0 0 0 0 0 0 0 0 0 0 0 0 0 0 0 0 0 0 0 0]
[0 0 0 1 1 1 0 0 1 0 1 1 1 0 0 0 0 1 1 1 0 0 1 0 0 0 0 0 0 0 0 0 0 0 0 0 0 0 0 0 0 0 0 0 0 0 0 0 0 0 0 0 0 0 0 0 0 0 0 0 0 0 0 0 0 0 0 0 0 0 0 0]
580
constructive sonucu
[1 0 0 0 0 0 0 0 0 0 1 0 0 0 0 1 0 0 0 1 0 0 0 1 0 0 0 0 0 1 0 0 0 0 1 0 0 0 0 0 0 0 0 0 0 0 0 0 0 0 0 0 0 0 0 0 0 0 0 0 0 0 0 0 0 0 0 0 0 0 0 0.]
[1 0 0 0 0 0 0 0 0 0 0 0 0 1 0 1 1 1 1 1 0 1 1 1 0 0 0 0 0 0 0 0 0 0 0 0 0 0 0 0 0 0 0 0 0 0 0 0 0 0 0 0 0 0 0 0 0 0 0 0 0 0 0 0 0 0 0 0 0 0 0 0.]
[0 0 0 0 0 0 0 0 0 0 0 0 0 0 1 1 1 1 0 2 0 0 1 1 0 0 0 0 0 0 1 0 0 0 0 0 0 0 0 0 0 0 0 0 0 0 0 0 0 0 0 0 0 0 0 0 0 0 0 0 0 0 0 0 0 0 0 0 0 0 0 0.]]
560
improved 
[1 0 0 0 0 0 0 0 0 0 1 0 0 0 1 0 0 0 0 1 0 0 0 1 0 0 0 0 0 1 0 0 0 0 1 0 0 0 0 0 0 0 0 0 0 0 0 0 0 0 0 0 0 0 0 0 0 0 0 0 0 0 0 0 0 0 0 0 0 0 0 0.]
[1 0 0 0 0 0 0 0 0 0 0 0 0 1 0 1 1 1 1 1 0 1 1 1 0 0 0 0 0 0 0 0 0 0 0 0 0 0 0 0 0 0 0 0 0 0 0 0 0 0 0 0 0 0 0 0 0 0 0 0 0 0 0 0 0 0 0 0 0 0 0 0.] 
[0 0 0 0 0 0 0 0 0 0 0 0 0 0 1 1 1 1 0 2 0 0 1 1 0 0 0 0 0 0 1 0 0 0 0 0 0 0 0 0 0 0 0 0 0 0 0 0 0 0 0 0 0 0 0 0 0 0 0 0 0 0 0 0 0 0 0 0 0 0 0 0.]]



0.2,0.3 370
[1 0 0 0 0 0 0 0 0 0 1 0 0 0 0 1 0 0 0 1 0 0 0 1 0 0 0 0 0 1 0 0 0 0 1 0 0 0 0 0 0 0 0 0 0 0 0 0 0 0 0 0 0 0 0 0 0 0 0 0 0 0 0 0 0 0 0 0 0 0 0 0.]
[1 0 0 0 0 0 0 0 0 0 0 0 0 1 0 1 1 1 1 1 0 1 1 1 0 0 0 0 0 0 0 0 0 0 0 0 0 0 0 0 0 0 0 0 0 0 0 0 0 0 0 0 0 0 0 0 0 0 0 0 0 0 0 0 0 0 0 0 0 0 0 0.]
[0 0 0 0 0 0 0 0 0 0 0 0 0 0 1 1 1 1 0 2 0 0 1 1 0 0 0 0 0 0 1 0 0 0 0 0 0 0 0 0 0 0 0 0 0 0 0 0 0 0 0 0 0 0 0 0 0 0 0 0 0 0 0 0 0 0 0 0 0 0 0 0.]]

360
[1 0 0 0 0 0 0 0 0 0 1 0 0 0 0 1 0 0 0 1 0 0 0 1 0 0 0 0 0 1 0 0 0 0 1 0 0 0 0 0 0 0 0 0 0 0 0 0 0 0 0 0 0 0 0 0 0 0 0 0 0 0 0 0 0 0 0 0 0 0 0 0.]
[1 0 0 0 0 0 0 0 0 0 0 0 0 1 0 1 1 1 1 1 0 1 1 1 0 0 0 0 0 0 0 0 0 0 0 0 0 0 0 0 0 0 0 0 0 0 0 0 0 0 0 0 0 0 0 0 0 0 0 0 0 0 0 0 0 0 0 0 0 0 0 0.]
[0 0 0 0 0 0 0 0 0 0 0 0 0 0 1 1 1 1 1 1 0 0 1 1 0 0 0 0 0 0 1 0 0 0 0 0 0 0 0 0 0 0 0 0 0 0 0 0 0 0 0 0 0 0 0 0 0 0 0 0 0 0 0 0 0 0 0 0 0 0 0 0.]]



0.46 0.28 0.18 0.08
1775

0.5 0.26  0.16 0.08


